[array([22, 12, 19, 20, 22, 23, 16, 17, 12, 15, 12, 11, 13, 10, 12, 12, 12,
        10, 13, 11, 11, 12, 11,  9, 11, 12, 13, 10, 13, 15, 10, 11, 10, 10,
         8, 10,  8,  8, 12, 11,  8, 10, 10,  8,  9,  9,  8, 10, 10,  8, 12,
        11,  9,  9,  8,  9,  8,  8,  8,  9, 13,  9, 10, 12,  9,  9, 10,  9,
         8,  9,  9,  6, 10,  9,  9,  9,  9,  9,  7,  8,  7,  7,  8,  8,  7,
         8,  8,  9,  8,  7, 12, 10, 10, 11,  8,  8, 10,  9,  7,  9, 10,  9,
         8, 10,  5,  6,  9,  5, 10,  9,  8,  9,  8,  6,  7,  9,  7,  8,  8,
         6,  9,  9,  7,  8,  7,  6,  7,  6], dtype=uint8),
 array([22, 14, 19, 20, 22, 23, 22, 17, 13, 15, 12, 11, 13, 10, 12, 12, 12,
        10, 13, 11, 11, 12, 11,  9, 11, 12, 13, 10, 13, 15, 10, 11, 10, 10,
         8, 10,  7,  7, 12, 11,  8, 10, 10,  7,  9,  9,  8, 10, 10,  8, 12,
        11,  9,  9,  8,  9,  8,  8,  8,  9, 13,  9, 10, 12,  9,  9, 10,  9,
         8,  9,  9,  6, 10,  9,  9,  9,  9,  9,  7,  8,  7,  7,  8,  8,  7,
         8,  8,  9,  8,  7, 12, 10, 10, 11,  8,  8, 10,  9,  7,  9, 10,  9,
         8, 10,  5,  6,  9,  5, 10,  9,  8,  9,  8,  6,  7,  9,  7,  8,  8,
         6,  9,  9,  7,  8,  7,  6,  7,  6], dtype=uint8),
 array([22,  5, 19, 20, 22, 23, 16, 17, 12, 15, 12, 11, 13, 10, 12, 12, 12,
        10, 13, 11, 11, 12, 11,  9, 11, 12, 13, 10, 13, 15, 10, 11, 10, 10,
         8, 10,  7,  7, 12, 11,  8, 10, 10,  7,  9,  9,  8, 10, 10,  8, 12,
        11,  9,  9,  8,  9,  8,  8,  8,  9, 13,  9, 10, 12,  9,  9, 10,  9,
         8,  9,  9,  6, 10,  9,  9,  9,  9,  9,  7,  8,  7,  7,  8,  8,  7,
         8,  8,  9,  8,  7, 12, 10, 10, 11,  8,  8, 10,  9,  7,  9, 10,  9,
         8, 10,  5,  6,  9,  6, 10,  9,  8,  9,  8,  6,  7,  9,  7,  8,  8,
         6,  9,  9,  7,  8,  7,  6,  7,  6], dtype=uint8),
 array([22, 12, 19, 20, 22, 23, 22, 22, 14, 21, 12, 11, 13, 10, 12, 12, 12,
        10, 13, 11, 11, 12, 11,  9, 11, 12, 13, 10, 13, 15, 10, 11, 10, 10,
         8, 10,  6,  7, 12, 11,  8, 10, 10,  7,  9,  9,  8, 10, 10,  8, 12,
        11,  9,  9,  8,  9,  8,  8,  8,  9, 13,  9, 10, 12,  9,  9, 10,  9,
         8,  9,  9,  6, 10,  9,  9,  9,  9,  9,  7,  8,  7,  7,  8,  8,  7,
         8,  8,  9,  8,  7, 12, 10, 10, 11,  8,  8, 10,  9,  7,  9, 10,  9,
         8, 10,  5,  6,  9,  5, 10,  9,  8,  9,  8,  6,  7,  9,  7,  8,  8,
         6,  9,  9,  7,  8,  7,  6,  7,  6], dtype=uint8),
 array([22, 14, 19, 20, 22, 23, 22, 17, 13, 20, 12, 11, 13, 10, 12, 12, 12,
        10, 13, 11, 11, 12, 11,  9, 11, 12, 13, 10, 13, 15, 10, 11, 10, 10,
         8, 10,  7,  7, 12, 11,  8, 10, 10,  7,  9,  9,  8, 10, 10,  8, 12,
        11,  9,  9,  8,  9,  8,  8,  8,  9, 13,  9, 10, 12,  9,  9, 10,  9,
         8,  9,  9,  6, 10,  9,  9,  9,  9,  9,  7,  8,  7,  7,  8,  8,  7,
         8,  8,  9,  8,  7, 12, 10, 10, 11,  8,  8, 10,  9,  7,  9, 10,  9,
         8, 10,  5,  6,  9,  5, 10,  9,  8,  9,  8,  6,  7,  9,  7,  8,  8,
         6,  9,  9,  7,  8,  7,  6,  7,  6], dtype=uint8),
 array([22, 12, 19, 20, 22, 23, 22, 17, 13, 20, 12, 11, 13, 10, 12, 12, 12,
        10, 13, 11, 11, 12, 11,  9, 11, 12, 13, 10, 13, 15, 10, 11, 10, 10,
         8, 10,  7,  7, 12, 11,  8, 10, 10,  7,  9,  9,  8, 10, 10,  8, 12,
        11,  9,  9,  8,  9,  8,  8,  8,  9, 13,  9, 10, 12,  9,  9, 10,  9,
         8,  9,  9,  6, 10,  9,  9,  9,  9,  9,  7,  8,  7,  7,  8,  8,  7,
         8,  8,  9,  8,  7, 12, 10, 10, 11,  8,  8, 10,  9,  7,  9, 10,  9,
         8, 10,  6,  6,  9,  5, 10,  9,  8,  9,  8,  6,  7,  9,  7,  8,  8,
         6,  9,  9,  7,  8,  7,  6,  7,  6], dtype=uint8),
 array([22, 13, 19, 20, 22, 23, 16, 17, 13, 15, 12, 11, 13, 10, 12, 12, 12,
        10, 13, 11, 11, 12, 11,  9, 11, 12, 13, 10, 13, 15, 10, 11, 10, 10,
         8, 10, 11,  7, 12, 11,  8, 10, 10,  7,  9,  9,  8, 10, 10,  8, 12,
        11,  9,  9,  8,  9,  8,  8,  8,  9, 13,  9, 10, 12,  9,  9, 10,  9,
         8,  9,  9,  6, 10,  9,  9,  9,  9,  9,  7,  8,  7,  7,  8,  8,  7,
         8,  8,  9,  8,  7, 12, 10, 10, 11,  8,  8, 10,  9,  7,  9, 10,  9,
         8, 10,  5,  6,  9,  5, 10,  9,  8,  9,  8,  6,  7,  9,  7,  8,  8,
         6,  9,  9,  7,  8,  7,  6,  7,  6], dtype=uint8),
 array([22, 15, 19, 20, 22, 23, 16, 17, 12, 15, 12, 11, 13, 10, 12, 12, 12,
        10, 13, 11, 11, 12, 11,  9, 11, 12, 13, 10, 13, 15, 10, 11, 10, 10,
        13, 10,  8,  8, 12, 11,  8, 10, 10,  7,  9,  9,  8, 10, 10,  8, 12,
        11,  9,  9,  8,  9,  8,  8,  8,  9, 13,  9, 10, 12,  9,  9, 10,  9,
         8,  9,  9,  6, 10,  9,  9,  9,  9,  9,  7,  8,  7,  7,  8,  8,  7,
         8,  8,  9,  8,  7, 12, 10, 10, 11,  8,  8, 10,  9,  7,  9, 10,  9,
         8, 10,  5,  6,  9,  5, 10,  9,  8,  9,  8,  6,  7,  9,  7,  8,  8,
         6,  9,  9,  7,  8,  7,  6,  7,  6], dtype=uint8),
 array([22, 10, 19, 20, 22, 23, 22, 22, 14, 20, 12, 11, 13, 10, 12, 12, 12,
        10, 13, 11, 11, 12, 11,  9, 11, 12, 13, 10, 13, 15, 10, 11, 10, 10,
         8, 10,  6,  7, 12, 11,  8, 10, 10,  7,  9,  9,  8, 10, 10,  8, 12,
        11,  9,  9,  8,  9,  8,  8,  8,  9, 13,  9, 10, 12,  9,  9, 10,  9,
         8,  9,  9,  6, 10,  9,  9,  9,  9,  9,  7,  8,  7,  7,  8,  8,  7,
         8,  8,  9,  8,  7, 12, 10, 10, 11,  8,  8, 10,  9,  7,  9, 10,  9,
         8, 10,  5,  6,  9,  5, 10,  9,  8,  9,  8,  6,  7,  9,  7,  8,  8,
         6,  9,  9,  7,  8,  7,  6,  7,  6], dtype=uint8),
 array([22, 15, 19, 20, 22, 23, 22, 17, 12, 15, 12, 11, 13, 10, 12, 12, 12,
        10, 13, 11, 11, 12, 11,  9, 11, 12, 13, 10, 13, 15, 10, 11, 10, 10,
         8, 10,  6,  7, 12, 11,  8, 10, 10,  7,  9,  9,  8, 10, 10,  8, 12,
        11,  9,  9,  8,  9,  8,  8,  8,  9, 13,  9, 10, 12,  9,  9, 10,  9,
         8,  9,  9,  6, 10,  9,  9,  9,  9,  9,  7,  8,  7,  7,  8,  8,  7,
         8,  8,  9,  8,  7, 12, 10, 10, 11,  8,  8, 10,  9,  7,  9, 10,  9,
         8, 10,  5,  6,  9,  5, 10,  9,  8,  9,  8,  6,  7,  9,  7,  8,  8,
         6,  9,  9,  7,  8,  7,  6,  7,  6], dtype=uint8),
 array([22, 14, 19, 20, 22, 23, 22, 17, 13, 20, 12, 11, 13, 10, 12, 12, 12,
        10, 13, 11, 11, 12, 11,  9, 11, 12, 13, 10, 13, 15, 10, 11, 10, 10,
         8, 10,  7,  7, 12, 11,  8, 10, 10,  7,  9,  9,  8, 10, 10,  8, 12,
        11,  9,  9,  8,  9,  8,  8,  8,  9, 13,  9, 10, 12,  9,  9, 10,  9,
         8,  9,  9,  6, 10,  9,  9,  9,  9,  9,  7,  8,  7,  7,  8,  8,  7,
         8,  8,  9,  8,  7, 12, 10, 10, 11,  8,  8, 10,  9,  7,  9, 10,  9,
         8, 10,  5,  6,  9,  5, 10,  9,  8,  9,  8,  6,  7,  9,  7,  8,  8,
         6,  9,  9,  7,  8,  7,  6,  7,  6], dtype=uint8),
 array([22, 11, 19, 20, 22, 23, 16, 17, 13, 15, 12, 11, 13, 10, 12, 12, 12,
        10, 13, 11, 11, 12, 11,  9, 11, 12, 13, 10, 13, 15, 10, 11, 10, 10,
         8, 10,  7,  7, 12, 11,  8, 10, 10,  7,  9,  9,  8, 10, 10,  8, 12,
        11,  9,  9,  8,  9,  8,  8,  8,  9, 13,  9, 10, 12,  9,  9, 10,  9,
         8,  9,  9,  6, 10,  9,  9,  9,  9,  9,  7,  8,  7,  7,  8,  8,  7,
         8,  8,  9,  8,  7, 12, 10, 10, 11,  8,  8, 10,  9,  7,  9, 10,  9,
         8, 10,  5,  6,  9,  5, 10,  9,  8,  9,  8,  6,  7,  9,  7,  8,  8,
         6,  9,  9,  7,  8,  7,  6,  7,  6], dtype=uint8),
 array([22, 10, 19, 20, 22, 23, 22, 22, 13, 20, 12, 11, 13, 10, 12, 12, 12,
        10, 13, 11, 11, 12, 11,  9, 11, 12, 13, 10, 13, 15, 10, 11, 10, 10,
         8, 10,  6,  7, 12, 11,  8, 10, 10,  7,  9,  9,  8, 10, 10,  8, 12,
        11,  9,  9,  8,  9,  8,  8,  8,  9, 13,  9, 10, 12,  9,  9, 10,  9,
         8,  9,  9,  6, 10,  9,  9,  9,  9,  9,  7,  8,  7,  7,  8,  8,  7,
         8,  8,  9,  8,  7, 12, 10, 10, 11,  8,  8, 10,  9,  7,  9, 10,  9,
         8, 10,  5,  6,  9,  5, 10,  9,  8,  9,  8,  6,  7,  9,  7,  8,  8,
         6,  9,  9,  7,  8,  7,  6,  7,  6], dtype=uint8),
 array([22,  9, 19, 20, 22, 23, 16, 17, 12, 15, 12, 11, 13, 10, 12, 12, 12,
        10, 13, 11, 11, 12, 11,  9, 11, 12, 13, 10, 13, 15, 10, 11, 10, 10,
         8, 10,  7,  7, 12, 11,  8, 10, 10,  7,  9,  9,  8, 10, 10,  8, 12,
        11,  9,  9,  8,  9,  8,  8,  8,  9, 13,  9, 10, 12,  9,  9, 10,  9,
         8,  9,  9,  6, 10,  9,  9,  9,  9,  9,  7,  8,  7,  7,  8,  8,  7,
         8,  8,  9,  8,  7, 12, 10, 10, 11,  8,  8, 10,  9,  7,  9, 10,  9,
         8, 10,  5,  6,  9,  5, 10,  9,  8,  9,  8,  6,  7,  9,  7,  8,  8,
         6,  9,  9,  7,  8,  7,  6,  7,  6], dtype=uint8),
 array([22, 11, 19, 20, 22, 23, 22, 22, 14, 20, 12, 12, 13, 10, 12, 12, 12,
        10, 13, 11, 11, 12, 11,  9, 11, 12, 13, 10, 13, 15, 10, 11, 10, 10,
         8, 10,  7,  7, 12, 11,  8, 10, 10,  7,  9,  9,  8, 10, 10,  8, 12,
        11,  9,  9,  8,  9,  8,  8,  8,  9, 13,  9, 10, 12,  9,  9, 10,  9,
         8,  9,  9,  6, 10,  9,  9,  9,  9,  9,  7,  8,  7,  7,  8,  8,  7,
         8,  8,  9,  8,  7, 12, 10, 10, 11,  8,  8, 10,  9,  7,  9, 10,  9,
         8, 10,  5,  6,  9,  5, 10,  9,  8,  9,  8,  6,  7,  9,  7,  8,  8,
         6,  9,  9,  7,  8,  7,  6,  7,  6], dtype=uint8),
 array([22, 13, 19, 20, 22, 23, 22, 22, 14, 20, 12, 11, 13, 10, 12, 12, 12,
        10, 13, 11, 11, 12, 11,  9, 11, 12, 13, 10, 13, 15, 10, 11, 10, 10,
         8, 10, 12,  7, 12, 12,  8, 10, 10,  7,  9,  9,  8, 10, 10,  8, 12,
        11,  9,  9,  8,  9,  8,  8,  8,  9, 13,  9, 10, 12,  9,  9, 10,  9,
         8,  9,  9,  6, 10,  9,  9,  9,  9,  9,  7,  8,  7,  7,  8,  8,  7,
         8,  8,  9,  8,  7, 12, 10, 10, 11,  8,  8, 10,  9,  7,  9, 10,  9,
         8, 10,  5,  6,  9,  5, 10,  9,  8,  9,  8,  6,  7,  9,  7,  8,  8,
         6,  9,  9,  7,  8,  7,  6,  7,  6], dtype=uint8),
 array([22, 14, 19, 20, 22, 23, 16, 17, 12, 15, 12, 11, 13, 10, 12, 12, 12,
        10, 13, 11, 11, 12, 11,  9, 11, 12, 13, 10, 13, 15, 10, 11, 10, 10,
         8, 10,  5,  7, 12, 11,  8, 10, 10,  7,  9,  9,  8, 10, 10,  8, 12,
        11,  9,  9,  8,  9,  8,  8,  8,  9, 13,  9, 10, 12,  9,  9, 10,  9,
         8,  9,  9,  6, 10,  9,  9,  9,  9,  9,  7,  8,  7,  7,  8,  8,  7,
         8,  8,  9,  8,  7, 12, 10, 10, 11,  8,  8, 10,  9,  7,  9, 10,  9,
         8, 10,  5,  6,  9,  5, 10,  9,  8,  9,  8,  6,  7,  9,  7,  8,  8,
         6,  9,  9,  7,  8,  7,  6,  7,  6], dtype=uint8),
 array([22, 12, 19, 20, 22, 23, 22, 22, 14, 20, 12, 11, 13, 10, 12, 12, 12,
        10, 13, 11, 11, 12, 11,  9, 11, 12, 13, 10, 13, 15, 10, 11, 10, 10,
         8, 10,  8, 12, 12, 11,  8, 10, 10,  7,  9,  9,  8, 10, 10,  8, 12,
        11,  9,  9,  8,  9,  8,  8,  8,  9, 13,  9, 10, 12,  9,  9, 10,  9,
         8,  9,  9,  6, 10,  9,  9,  9,  9,  9,  7,  8,  7,  7,  8,  8,  7,
         8,  8,  9,  8,  7, 12, 10, 10, 11,  8,  8, 10,  9,  7,  9, 10,  9,
         8, 10,  5,  6,  9,  5, 10,  9,  8,  9,  8,  6,  7,  9,  7,  8,  8,
         6,  9,  9,  7,  8,  7,  6,  7,  6], dtype=uint8),
 array([22, 13, 19, 20, 22, 23, 16, 17, 13, 15, 12, 11, 13, 10, 12, 12, 12,
        10, 13, 11, 11, 12, 11,  9, 11, 12, 13, 10, 13, 15, 10, 11, 10, 10,
         8, 10,  6,  7, 12, 11,  8, 10, 10,  7,  9,  9,  8, 10, 10,  8, 12,
        11,  9,  9,  8,  9,  8,  8,  8,  9, 13,  9, 10, 12,  9,  9, 10,  9,
         8,  9,  9,  6, 10,  9,  9,  9,  9,  9,  7,  8,  7,  7,  8,  8,  7,
         8,  8,  9,  8,  7, 12, 10, 10, 11,  8,  8, 10,  9,  7,  9, 10,  9,
         8, 10,  5,  6,  9,  5, 10,  9,  8,  9,  8,  6,  7,  9,  7,  8,  8,
         6,  9,  9,  7,  8,  7,  6,  7,  6], dtype=uint8)]

